subsection Physical data
  set testcase = 6
  set fe_degree = 2
  set fe_degree_Q0 = 1
  set n_q_points_1d = 4
  set n_q_points_1d_Q0 = 2
  set final_time   = 0.200
  set gamma = 1.4
end


subsection Space discretization
  set n_global_refinements = 3
  set max_loc_refinements = 4
  set min_loc_refinements = 2
  set n_refinements = 1
  set n_adaptive_pre_refinement_steps = 3
end

subsection Filter
  set beta_density = 15.0
  set beta_momentum =15.0
  set beta_energy = 15.0
end

subsection Param
 set EulerNumericalFlux =harten_lax_vanleer
# set RungeKuttaScheme = ssp_order_3
end

set n_stages = 3

#The output frequency
set output_tick = 0.005


Running with 1 MPI processes
Vectorization over 2 doubles = 128 bits (SSE2)
Time step size: 0.000142134, minimal h: 0.0104167, initial transport scaling: 0.000893371

Time:       0, dt:  0.00014, norm rho:     0.2084, rho * u:      2.084, energy:     17.71
0.0001421
0.0002843
0.0004264
0.0005685
0.0007119
0.0008552
0.0009985
0.001142
0.001285
0.001427
0.001569
0.001711
0.001853
0.001995
0.00213
0.002265
0.0024
0.002535
0.00267
0.002799
0.002928
0.003058
0.003187
0.003316
0.003444
0.003571
0.003698
0.003825
0.003953
0.004076
0.004199
0.004323
0.004446
0.004569
0.004689
0.004809
0.004928
0.005048
Time: 0.00505, dt:  0.00012, norm rho:       1.51, rho * u:      15.16, energy:     130.5
0.005168
0.005285
0.005403
0.005521
0.005639
0.005757
0.005873
0.005989
0.006105
0.006221
0.006337
0.006451
0.006565
0.006678
0.006792
0.006906
0.007018
0.00713
0.007242
0.007354
0.007466
0.007579
0.007692
0.007804
0.007917
0.00803
0.008141
0.008251
0.008361
0.008472
0.008582
0.008692
0.008802
0.008912
0.009021
0.009131
0.009241
0.009351
0.00946
0.00957
0.00968
0.009788
0.009896
0.01
Time:    0.01, dt:  0.00011, norm rho:       2.23, rho * u:      22.09, energy:     191.5
0.01011
0.01022
0.01033
0.01044
0.01054
0.01065
0.01076
0.01087
0.01097
0.01108
0.01119
0.0113
0.0114
0.01151
0.01161
0.01172
0.01183
0.01193
0.01204
0.01214
0.01224
0.01235
0.01245
0.01256
0.01266
0.01277
0.01287
0.01297
0.01307
0.01318
0.01328
0.01338
0.01348
0.01358
0.01368
0.01378
0.01389
0.01399
0.01409
0.01419
0.01429
0.01439
0.01449
0.01459
0.01469
0.01478
0.01488
0.01498
0.01508
Time:  0.0151, dt:  9.9e-05, norm rho:      2.821, rho * u:      27.66, energy:     241.4
0.01518
0.01528
0.01538
0.01548
0.01557
0.01567
0.01577
0.01587
0.01596
0.01606
0.01616
0.01625
0.01635
0.01645
0.01654
0.01664
0.01674
0.01684
0.01693
0.01703
0.01712
0.01722
0.01732
0.01741
0.01751
0.0176
0.0177
0.0178
0.01789
0.01799
0.01808
0.01818
0.01827
0.01837
0.01846
0.01856
0.01865
0.01875
0.01884
0.01894
0.01903
0.01913
0.01922
0.01931
0.01941
0.0195
0.0196
0.01969
0.01978
0.01988
0.01997
0.02007
Time:  0.0201, dt:  9.4e-05, norm rho:       3.33, rho * u:      32.37, energy:     284.5
0.02016
0.02025
0.02035
0.02044
0.02053
0.02062
0.02072
0.02081
0.0209
0.021
0.02109
0.02118
0.02127
0.02137
0.02146
0.02155
0.02164
0.02174
0.02183
0.02192
0.02201
0.02211
0.0222
0.02229
0.02238
0.02247
0.02257
0.02266
0.02275
0.02284
0.02294
0.02303
0.02312
0.02321
0.0233
0.02339
0.02349
0.02358
0.02367
0.02376
0.02385
0.02394
0.02404
0.02413
0.02422
0.02431
0.0244
0.02449
0.02458
0.02467
0.02477
0.02486
0.02495
0.02504
Time:   0.025, dt:  9.1e-05, norm rho:      3.796, rho * u:      36.61, energy:     323.8
0.02513
0.02522
0.02531
0.0254
0.02549
0.02558
0.02567
0.02577
0.02586
0.02595
0.02604
0.02613
0.02622
0.02631
0.0264
0.02649
0.02658
0.02667
0.02676
0.02685
0.02694
0.02703
0.02712
0.02721
0.0273
0.0274
0.02749
0.02758
0.02767
0.02776
0.02784
0.02793
0.02802
0.02811
0.0282
0.02829
0.02838
0.02847
0.02856
0.02865
0.02874
0.02883
0.02892
0.02901
0.0291
0.02919
0.02928
0.02937
0.02946
0.02954
0.02963
0.02972
0.02981
0.0299
0.02999
0.03008
Time:  0.0301, dt:  8.9e-05, norm rho:      4.239, rho * u:      40.58, energy:     361.2
0.03017
0.03026
0.03034
0.03043
0.03052
0.03061
0.0307
0.03079
0.03087
0.03096
0.03105
0.03114
0.03123
0.03131
0.0314
0.03149
0.03158
0.03167
0.03175
0.03184
0.03193
0.03202
0.0321
0.03219
0.03228
0.03237
0.03245
0.03254
0.03263
0.03272
0.03281
0.03289
0.03298
0.03307
0.03316
0.03324
0.03333
0.03342
0.03351
0.0336
0.03368
0.03377
0.03386
0.03395
0.03403
0.03412
0.03421
0.0343
0.03438
0.03447
0.03456
0.03465
0.03473
0.03482
0.03491
0.035
0.03508
Time:  0.0351, dt:  8.7e-05, norm rho:      4.658, rho * u:      44.28, energy:     396.6
0.03517
0.03526
0.03535
0.03543
0.03552
0.03561
0.0357
0.03578
0.03587
0.03596
0.03605
0.03613
0.03622
0.03631
0.03639
0.03648
0.03657
0.03666
0.03674
0.03683
0.03692
0.037
0.03709
0.03718
0.03726
0.03735
0.03744
0.03753
0.03761
0.0377
0.03779
0.03787
0.03796
0.03805
0.03813
0.03822
0.03831
0.03839
0.03848
0.03857
0.03865
0.03874
0.03882
0.03891
0.039
0.03908
0.03917
0.03926
0.03934
0.03943
0.03952
0.0396
0.03969
0.03978
0.03986
0.03995
0.04003
Time:    0.04, dt:  8.6e-05, norm rho:      5.056, rho * u:      47.77, energy:     430.2
0.04012
0.04021
0.04029
0.04038
0.04046
0.04055
0.04064
0.04072
0.04081
0.04089
0.04098
0.04107
0.04115
0.04124
0.04132
0.04141
0.0415
0.04158
0.04167
0.04175
0.04184
0.04193
0.04201
0.0421
0.04218
0.04227
0.04236
0.04244
0.04253
0.04261
0.0427
0.04279
0.04287
0.04296
0.04304
0.04313
0.04322
0.0433
0.04339
0.04347
0.04356
0.04365
0.04373
0.04382
0.0439
0.04399
0.04407
0.04416
0.04425
0.04433
0.04442
0.0445
0.04459
0.04467
0.04476
0.04485
0.04493
0.04502
Time:   0.045, dt:  8.6e-05, norm rho:      5.445, rho * u:      51.13, energy:       463
0.0451
0.04519
0.04527
0.04536
0.04544
0.04553
0.04562
0.0457
0.04579
0.04587
0.04596
0.04604
0.04613
0.04621
0.0463
0.04639
0.04647
0.04656
0.04664
0.04673
0.04681
0.0469
0.04698
0.04707
0.04716
0.04724
0.04733
0.04741
0.0475
0.04758
0.04767
0.04775
0.04784
0.04793
0.04801
0.0481
0.04818
0.04827
0.04835
0.04844
0.04852
0.04861
0.04869
0.04878
0.04887
0.04895
0.04904
0.04912
0.04921
0.04929
0.04938
0.04946
0.04955
0.04964
0.04972
0.04981
0.04989
0.04998
0.05006
Time:  0.0501, dt:  8.5e-05, norm rho:      5.829, rho * u:      54.42, energy:     495.4
0.05015
0.05023
0.05032
0.0504
0.05049
0.05057
0.05066
0.05074
0.05083
0.05091
0.051
0.05108
0.05117
0.05125
0.05134
0.05142
0.05151
0.05159
0.05168
0.05176
0.05185
0.05193
0.05202
0.0521
0.05219
0.05227
0.05236
0.05244
0.05253
0.05261
0.0527
0.05278
0.05287
0.05295
0.05304
0.05312
0.05321
0.05329
0.05338
0.05346
0.05355
0.05363
0.05372
0.0538
0.05389
0.05397
0.05406
0.05415
0.05423
0.05432
0.0544
0.05449
0.05457
0.05466
0.05474
0.05483
0.05491
0.055
0.05508
Time:  0.0551, dt:  8.5e-05, norm rho:      6.203, rho * u:      57.59, energy:     526.9
0.05517
0.05525
0.05534
0.05542
0.05551
0.05559
0.05568
0.05576
0.05585
0.05593
0.05602
0.0561
0.05619
0.05627
0.05636
0.05644
0.05653
0.05661
0.0567
0.05678
0.05687
0.05695
0.05704
0.05712
0.05721
0.05729
0.05738
0.05746
0.05755
0.05763
0.05772
0.0578
0.05789
0.05797
0.05806
0.05814
0.05823
0.05831
0.0584
0.05848
0.05856
0.05865
0.05873
0.05882
0.0589
0.05899
0.05907
0.05916
0.05924
0.05933
0.05941
0.0595
0.05958
0.05966
0.05975
0.05983
0.05992
0.06
Time:    0.06, dt:  8.5e-05, norm rho:      6.564, rho * u:      60.62, energy:     557.2
0.06009
0.06017
0.06026
0.06034
0.06043
0.06051
0.0606
0.06068
0.06077
0.06085
0.06093
0.06102
0.0611
0.06119
0.06127
0.06136
0.06144
0.06153
0.06161
0.0617
0.06178
0.06187
0.06195
0.06203
0.06212
0.0622
0.06229
0.06237
0.06246
0.06254
0.06263
0.06271
0.0628
0.06288
0.06297
0.06305
0.06313
0.06322
0.0633
0.06339
0.06347
0.06356
0.06364
0.06373
0.06381
0.0639
0.06398
0.06407
0.06415
0.06423
0.06432
0.0644
0.06449
0.06457
0.06466
0.06474
0.06483
0.06491
0.065
0.06508
Time:  0.0651, dt:  8.5e-05, norm rho:       6.93, rho * u:      63.67, energy:     588.1
0.06517
0.06525
0.06533
0.06542
0.0655
0.06559
0.06567
0.06576
0.06584
0.06592
0.06601
0.06609
0.06618
0.06626
0.06635
0.06643
0.06651
0.0666
0.06668
0.06677
0.06685
0.06693
0.06702
0.0671
0.06719
0.06727
0.06736
0.06744
0.06752
0.06761
0.06769
0.06778
0.06786
0.06794
0.06803
0.06811
0.0682
0.06828
0.06837
0.06845
0.06853
0.06862
0.0687
0.06879
0.06887
0.06895
0.06904
0.06912
0.06921
0.06929
0.06938
0.06946
0.06954
0.06963
0.06971
0.0698
0.06988
0.06996
0.07005
Time:    0.07, dt:  8.4e-05, norm rho:      7.283, rho * u:      66.59, energy:     617.9
0.07013
0.07022
0.0703
0.07039
0.07047
0.07055
0.07064
0.07072
0.07081
0.07089
0.07097
0.07106
0.07114
0.07123
0.07131
0.0714
0.07148
0.07156
0.07165
0.07173
0.07182
0.0719
0.07199
0.07207
0.07215
0.07224
0.07232
0.07241
0.07249
0.07257
0.07266
0.07274
0.07283
0.07291
0.07299
0.07308
0.07316
0.07325
0.07333
0.07341
0.0735
0.07358
0.07366
0.07375
0.07383
0.07392
0.074
0.07408
0.07417
0.07425
0.07433
0.07442
0.0745
0.07459
0.07467
0.07475
0.07484
0.07492
0.075
Time:   0.075, dt:  8.4e-05, norm rho:      7.631, rho * u:      69.46, energy:     647.2
0.07509
0.07517
0.07526
0.07534
0.07542
0.07551
0.07559
0.07567
0.07576
0.07584
0.07593
0.07601
0.07609
0.07618
0.07626
0.07634
0.07643
0.07651
0.0766
0.07668
0.07676
0.07685
0.07693
0.07701
0.0771
0.07718
0.07727
0.07735
0.07743
0.07752
0.0776
0.07768
0.07777
0.07785
0.07794
0.07802
0.0781
0.07819
0.07827
0.07835
0.07844
0.07852
0.07861
0.07869
0.07877
0.07886
0.07894
0.07902
0.07911
0.07919
0.07928
0.07936
0.07944
0.07953
0.07961
0.07969
0.07978
0.07986
0.07994
0.08003
Time:    0.08, dt:  8.4e-05, norm rho:      7.981, rho * u:      72.32, energy:     676.7
0.08011
0.0802
0.08028
0.08036
0.08045
0.08053
0.08061
0.0807
0.08078
0.08087
0.08095
0.08103
0.08112
0.0812
0.08128
0.08137
0.08145
0.08153
0.08162
0.0817
0.08178
0.08187
0.08195
0.08203
0.08212
0.0822
0.08228
0.08237
0.08245
0.08253
0.08262
0.0827
0.08278
0.08287
0.08295
0.08303
0.08312
0.0832
0.08328
0.08336
0.08345
0.08353
0.08361
0.0837
0.08378
0.08386
0.08395
0.08403
0.08411
0.0842
0.08428
0.08436
0.08445
0.08453
0.08461
0.0847
0.08478
0.08486
0.08495
0.08503
Time:   0.085, dt:  8.3e-05, norm rho:      8.326, rho * u:      75.12, energy:     705.7
0.08511
0.0852
0.08528
0.08536
0.08545
0.08553
0.08561
0.0857
0.08578
0.08586
0.08595
0.08603
0.08611
0.0862
0.08628
0.08636
0.08645
0.08653
0.08661
0.0867
0.08678
0.08686
0.08695
0.08703
0.08711
0.0872
0.08728
0.08736
0.08745
0.08753
0.08761
0.0877
0.08778
0.08786
0.08795
0.08803
0.08811
0.0882
0.08828
0.08836
0.08845
0.08853
0.08861
0.0887
0.08878
0.08886
0.08895
0.08903
0.08911
0.0892
0.08928
0.08936
0.08945
0.08953
0.08961
0.0897
0.08978
0.08986
0.08995
0.09003
Time:    0.09, dt:  8.3e-05, norm rho:      8.668, rho * u:      77.88, energy:     734.5
0.09011
0.09019
0.09028
0.09036
0.09044
0.09053
0.09061
0.09069
0.09077
0.09086
0.09094
0.09102
0.09111
0.09119
0.09127
0.09135
0.09144
0.09152
0.0916
0.09169
0.09177
0.09185
0.09193
0.09202
0.0921
0.09218
0.09227
0.09235
0.09243
0.09251
0.0926
0.09268
0.09276
0.09285
0.09293
0.09301
0.09309
0.09318
0.09326
0.09334
0.09343
0.09351
0.09359
0.09367
0.09376
0.09384
0.09392
0.09401
0.09409
0.09417
0.09425
0.09434
0.09442
0.0945
0.09459
0.09467
0.09475
0.09483
0.09492
0.095
Time:   0.095, dt:  8.3e-05, norm rho:      9.006, rho * u:       80.6, energy:     762.9
0.09508
0.09517
0.09525
0.09533
0.09541
0.0955
0.09558
0.09566
0.09575
0.09583
0.09591
0.09599
0.09608
0.09616
0.09624
0.09633
0.09641
0.09649
0.09658
0.09666
0.09674
0.09682
0.09691
0.09699
0.09707
0.09716
0.09724
0.09732
0.0974
0.09749
0.09757
0.09765
0.09774
0.09782
0.0979
0.09798
0.09807
0.09815
0.09823
0.09832
0.0984
0.09848
0.09856
0.09865
0.09873
0.09881
0.0989
0.09898
0.09906
0.09914
0.09923
0.09931
0.09939
0.09948
0.09956
0.09964
0.09972
0.09981
0.09989
0.09997
0.1001
Time:     0.1, dt:  8.3e-05, norm rho:      9.346, rho * u:      83.33, energy:     791.6
0.1001
0.1002
0.1003
0.1004
0.1005
0.1006
0.1006
0.1007
0.1008
0.1009
0.101
0.101
0.1011
0.1012
0.1013
0.1014
0.1015
0.1015
0.1016
0.1017
0.1018
0.1019
0.102
0.102
0.1021
0.1022
0.1023
0.1024
0.1025
0.1025
0.1026
0.1027
0.1028
0.1029
0.1029
0.103
0.1031
0.1032
0.1033
0.1034
0.1034
0.1035
0.1036
0.1037
0.1038
0.1039
0.1039
0.104
0.1041
0.1042
0.1043
0.1044
0.1044
0.1045
0.1046
0.1047
0.1048
0.1048
0.1049
0.105
Time:   0.105, dt:  8.2e-05, norm rho:      9.679, rho * u:      85.98, energy:     819.6
0.1051
0.1052
0.1053
0.1053
0.1054
0.1055
0.1056
0.1057
0.1058
0.1058
0.1059
0.106
0.1061
0.1062
0.1062
0.1063
0.1064
0.1065
0.1066
0.1067
0.1067
0.1068
0.1069
0.107
0.1071
0.1072
0.1072
0.1073
0.1074
0.1075
0.1076
0.1076
0.1077
0.1078
0.1079
0.108
0.1081
0.1081
0.1082
0.1083
0.1084
0.1085
0.1086
0.1086
0.1087
0.1088
0.1089
0.109
0.109
0.1091
0.1092
0.1093
0.1094
0.1095
0.1095
0.1096
0.1097
0.1098
0.1099
0.11
0.11
Time:    0.11, dt:  8.2e-05, norm rho:      10.01, rho * u:      88.64, energy:     847.8
0.1101
0.1102
0.1103
0.1104
0.1105
0.1105
0.1106
0.1107
0.1108
0.1109
0.1109
0.111
0.1111
0.1112
0.1113
0.1114
0.1114
0.1115
0.1116
0.1117
0.1118
0.1119
0.1119
0.112
0.1121
0.1122
0.1123
0.1123
0.1124
0.1125
0.1126
0.1127
0.1128
0.1128
0.1129
0.113
0.1131
0.1132
0.1133
0.1133
0.1134
0.1135
0.1136
0.1137
0.1137
0.1138
0.1139
0.114
0.1141
0.1142
0.1142
0.1143
0.1144
0.1145
0.1146
0.1147
0.1147
0.1148
0.1149
0.115
0.1151
Time:   0.115, dt:  8.2e-05, norm rho:      10.35, rho * u:      91.28, energy:     875.9
0.1151
0.1152
0.1153
0.1154
0.1155
0.1156
0.1156
0.1157
0.1158
0.1159
0.116
0.1161
0.1161
0.1162
0.1163
0.1164
0.1165
0.1166
0.1166
0.1167
0.1168
0.1169
0.117
0.117
0.1171
0.1172
0.1173
0.1174
0.1175
0.1175
0.1176
0.1177
0.1178
0.1179
0.118
0.118
0.1181
0.1182
0.1183
0.1184
0.1184
0.1185
0.1186
0.1187
0.1188
0.1189
0.1189
0.119
0.1191
0.1192
0.1193
0.1194
0.1194
0.1195
0.1196
0.1197
0.1198
0.1198
0.1199
0.12
Time:    0.12, dt:  8.2e-05, norm rho:      10.67, rho * u:      93.85, energy:     903.4
0.1201
0.1202
0.1203
0.1203
0.1204
0.1205
0.1206
0.1207
0.1208
0.1208
0.1209
0.121
0.1211
0.1212
0.1212
0.1213
0.1214
0.1215
0.1216
0.1217
0.1217
0.1218
0.1219
0.122
0.1221
0.1222
0.1222
0.1223
0.1224
0.1225
0.1226
0.1227
0.1227
0.1228
0.1229
0.123
0.1231
0.1231
0.1232
0.1233
0.1234
0.1235
0.1236
0.1236
0.1237
0.1238
0.1239
0.124
0.1241
0.1241
0.1242
0.1243
0.1244
0.1245
0.1245
0.1246
0.1247
0.1248
0.1249
0.125
0.125
Time:   0.125, dt:  8.2e-05, norm rho:      11.01, rho * u:      96.45, energy:     931.3
0.1251
0.1252
0.1253
0.1254
0.1255
0.1255
0.1256
0.1257
0.1258
0.1259
0.1259
0.126
0.1261
0.1262
0.1263
0.1264
0.1264
0.1265
0.1266
0.1267
0.1268
0.1269
0.1269
0.127
0.1271
0.1272
0.1273
0.1273
0.1274
0.1275
0.1276
0.1277
0.1278
0.1278
0.1279
0.128
0.1281
0.1282
0.1283
0.1283
0.1284
0.1285
0.1286
0.1287
0.1288
0.1288
0.1289
0.129
0.1291
0.1292
0.1292
0.1293
0.1294
0.1295
0.1296
0.1297
0.1297
0.1298
0.1299
0.13
0.1301
Time:    0.13, dt:  8.2e-05, norm rho:      11.34, rho * u:      99.04, energy:       959
0.1302
0.1302
0.1303
0.1304
0.1305
0.1306
0.1306
0.1307
0.1308
0.1309
0.131
0.1311
0.1311
0.1312
0.1313
0.1314
0.1315
0.1316
0.1316
0.1317
0.1318
0.1319
0.132
0.132
0.1321
0.1322
0.1323
0.1324
0.1325
0.1325
0.1326
0.1327
0.1328
0.1329
0.133
0.133
0.1331
0.1332
0.1333
0.1334
0.1334
0.1335
0.1336
0.1337
0.1338
0.1339
0.1339
0.134
0.1341
0.1342
0.1343
0.1344
0.1344
0.1345
0.1346
0.1347
0.1348
0.1349
0.1349
0.135
Time:   0.135, dt:  8.2e-05, norm rho:      11.66, rho * u:      101.6, energy:     986.2
0.1351
0.1352
0.1353
0.1353
0.1354
0.1355
0.1356
0.1357
0.1358
0.1358
0.1359
0.136
0.1361
0.1362
0.1363
0.1363
0.1364
0.1365
0.1366
0.1367
0.1367
0.1368
0.1369
0.137
0.1371
0.1372
0.1372
0.1373
0.1374
0.1375
0.1376
0.1377
0.1377
0.1378
0.1379
0.138
0.1381
0.1381
0.1382
0.1383
0.1384
0.1385
0.1386
0.1386
0.1387
0.1388
0.1389
0.139
0.1391
0.1391
0.1392
0.1393
0.1394
0.1395
0.1395
0.1396
0.1397
0.1398
0.1399
0.14
0.14
Time:    0.14, dt:  8.2e-05, norm rho:      11.99, rho * u:      104.1, energy:      1014
0.1401
0.1402
0.1403
0.1404
0.1405
0.1405
0.1406
0.1407
0.1408
0.1409
0.141
0.141
0.1411
0.1412
0.1413
0.1414
0.1414
0.1415
0.1416
0.1417
0.1418
0.1419
0.1419
0.142
0.1421
0.1422
0.1423
0.1424
0.1424
0.1425
0.1426
0.1427
0.1428
0.1428
0.1429
0.143
0.1431
0.1432
0.1433
0.1433
0.1434
0.1435
0.1436
0.1437
0.1438
0.1438
0.1439
0.144
0.1441
0.1442
0.1442
0.1443
0.1444
0.1445
0.1446
0.1447
0.1447
0.1448
0.1449
0.145
0.1451
Time:   0.145, dt:  8.2e-05, norm rho:      12.31, rho * u:      106.6, energy:      1041
0.1452
0.1452
0.1453
0.1454
0.1455
0.1456
0.1456
0.1457
0.1458
0.1459
0.146
0.1461
0.1461
0.1462
0.1463
0.1464
0.1465
0.1466
0.1466
0.1467
0.1468
0.1469
0.147
0.1471
0.1471
0.1472
0.1473
0.1474
0.1475
0.1475
0.1476
0.1477
0.1478
0.1479
0.148
0.148
0.1481
0.1482
0.1483
0.1484
0.1485
0.1485
0.1486
0.1487
0.1488
0.1489
0.1489
0.149
0.1491
0.1492
0.1493
0.1494
0.1494
0.1495
0.1496
0.1497
0.1498
0.1499
0.1499
0.15
Time:    0.15, dt:  8.2e-05, norm rho:      12.63, rho * u:      109.1, energy:      1068
0.1501
0.1502
0.1503
0.1503
0.1504
0.1505
0.1506
0.1507
0.1508
0.1508
0.1509
0.151
0.1511
0.1512
0.1513
0.1513
0.1514
0.1515
0.1516
0.1517
0.1518
0.1518
0.1519
0.152
0.1521
0.1522
0.1522
0.1523
0.1524
0.1525
0.1526
0.1527
0.1527
0.1528
0.1529
0.153
0.1531
0.1532
0.1532
0.1533
0.1534
0.1535
0.1536
0.1536
0.1537
0.1538
0.1539
0.154
0.1541
0.1541
0.1542
0.1543
0.1544
0.1545
0.1546
0.1546
0.1547
0.1548
0.1549
0.155
0.155
Time:   0.155, dt:  8.2e-05, norm rho:      12.96, rho * u:      111.6, energy:      1096
0.1551
0.1552
0.1553
0.1554
0.1555
0.1555
0.1556
0.1557
0.1558
0.1559
0.156
0.156
0.1561
0.1562
0.1563
0.1564
0.1564
0.1565
0.1566
0.1567
0.1568
0.1569
0.1569
0.157
0.1571
0.1572
0.1573
0.1574
0.1574
0.1575
0.1576
0.1577
0.1578
0.1579
0.1579
0.158
0.1581
0.1582
0.1583
0.1583
0.1584
0.1585
0.1586
0.1587
0.1588
0.1588
0.1589
0.159
0.1591
0.1592
0.1593
0.1593
0.1594
0.1595
0.1596
0.1597
0.1597
0.1598
0.1599
0.16
0.1601
Time:    0.16, dt:  8.2e-05, norm rho:      13.28, rho * u:      114.1, energy:      1123
0.1602
0.1602
0.1603
0.1604
0.1605
0.1606
0.1607
0.1607
0.1608
0.1609
0.161
0.1611
0.1611
0.1612
0.1613
0.1614
0.1615
0.1616
0.1616
0.1617
0.1618
0.1619
0.162
0.1621
0.1621
0.1622
0.1623
0.1624
0.1625
0.1625
0.1626
0.1627
0.1628
0.1629
0.163
0.163
0.1631
0.1632
0.1633
0.1634
0.1635
0.1635
0.1636
0.1637
0.1638
0.1639
0.164
0.164
0.1641
0.1642
0.1643
0.1644
0.1644
0.1645
0.1646
0.1647
0.1648
0.1649
0.1649
0.165
Time:   0.165, dt:  8.2e-05, norm rho:       13.6, rho * u:      116.6, energy:      1150
0.1651
0.1652
0.1653
0.1654
0.1654
0.1655
0.1656
0.1657
0.1658
0.1658
0.1659
0.166
0.1661
0.1662
0.1663
0.1663
0.1664
0.1665
0.1666
0.1667
0.1668
0.1668
0.1669
0.167
0.1671
0.1672
0.1672
0.1673
0.1674
0.1675
0.1676
0.1677
0.1677
0.1678
0.1679
0.168
0.1681
0.1682
0.1682
0.1683
0.1684
0.1685
0.1686
0.1686
0.1687
0.1688
0.1689
0.169
0.1691
0.1691
0.1692
0.1693
0.1694
0.1695
0.1696
0.1696
0.1697
0.1698
0.1699
0.17
0.1701
Time:    0.17, dt:  8.2e-05, norm rho:      13.93, rho * u:      119.1, energy:      1177
0.1701
0.1702
0.1703
0.1704
0.1705
0.1705
0.1706
0.1707
0.1708
0.1709
0.171
0.171
0.1711
0.1712
0.1713
0.1714
0.1715
0.1715
0.1716
0.1717
0.1718
0.1719
0.1719
0.172
0.1721
0.1722
0.1723
0.1724
0.1724
0.1725
0.1726
0.1727
0.1728
0.1729
0.1729
0.173
0.1731
0.1732
0.1733
0.1733
0.1734
0.1735
0.1736
0.1737
0.1738
0.1738
0.1739
0.174
0.1741
0.1742
0.1743
0.1743
0.1744
0.1745
0.1746
0.1747
0.1747
0.1748
0.1749
0.175
0.1751
Time:   0.175, dt:  8.2e-05, norm rho:      14.25, rho * u:      121.5, energy:      1204
0.1752
0.1752
0.1753
0.1754
0.1755
0.1756
0.1757
0.1757
0.1758
0.1759
0.176
0.1761
0.1762
0.1762
0.1763
0.1764
0.1765
0.1766
0.1766
0.1767
0.1768
0.1769
0.177
0.1771
0.1771
0.1772
0.1773
0.1774
0.1775
0.1776
0.1776
0.1777
0.1778
0.1779
0.178
0.178
0.1781
0.1782
0.1783
0.1784
0.1785
0.1785
0.1786
0.1787
0.1788
0.1789
0.179
0.179
0.1791
0.1792
0.1793
0.1794
0.1794
0.1795
0.1796
0.1797
0.1798
0.1799
0.1799
0.18
Time:    0.18, dt:  8.2e-05, norm rho:      14.57, rho * u:        124, energy:      1231
0.1801
0.1802
0.1803
0.1804
0.1804
0.1805
0.1806
0.1807
0.1808
0.1808
0.1809
0.181
0.1811
0.1812
0.1813
0.1813
0.1814
0.1815
0.1816
0.1817
0.1818
0.1818
0.1819
0.182
0.1821
0.1822
0.1823
0.1823
0.1824
0.1825
0.1826
0.1827
0.1827
0.1828
0.1829
0.183
0.1831
0.1832
0.1832
0.1833
0.1834
0.1835
0.1836
0.1837
0.1837
0.1838
0.1839
0.184
0.1841
0.1841
0.1842
0.1843
0.1844
0.1845
0.1846
0.1846
0.1847
0.1848
0.1849
0.185
0.1851
Time:   0.185, dt:  8.2e-05, norm rho:      14.89, rho * u:      126.4, energy:      1258
0.1851
0.1852
0.1853
0.1854
0.1855
0.1855
0.1856
0.1857
0.1858
0.1859
0.186
0.186
0.1861
0.1862
0.1863
0.1864
0.1865
0.1865
0.1866
0.1867
0.1868
0.1869
0.1869
0.187
0.1871
0.1872
0.1873
0.1874
0.1874
0.1875
0.1876
0.1877
0.1878
0.1879
0.1879
0.188
0.1881
0.1882
0.1883
0.1884
0.1884
0.1885
0.1886
0.1887
0.1888
0.1888
0.1889
0.189
0.1891
0.1892
0.1893
0.1893
0.1894
0.1895
0.1896
0.1897
0.1898
0.1898
0.1899
0.19
0.1901
Time:    0.19, dt:  8.2e-05, norm rho:      15.21, rho * u:      128.9, energy:      1285
0.1902
0.1902
0.1903
0.1904
0.1905
0.1906
0.1907
0.1907
0.1908
0.1909
0.191
0.1911
0.1912
0.1912
0.1913
0.1914
0.1915
0.1916
0.1916
0.1917
0.1918
0.1919
0.192
0.1921
0.1921
0.1922
0.1923
0.1924
0.1925
0.1926
0.1926
0.1927
0.1928
0.1929
0.193
0.193
0.1931
0.1932
0.1933
0.1934
0.1935
0.1935
0.1936
0.1937
0.1938
0.1939
0.194
0.194
0.1941
0.1942
0.1943
0.1944
0.1945
0.1945
0.1946
0.1947
0.1948
0.1949
0.1949
0.195
Time:   0.195, dt:  8.2e-05, norm rho:      15.52, rho * u:      131.3, energy:      1311
0.1951
0.1952
0.1953
0.1954
0.1954
0.1955
0.1956
0.1957
0.1958
0.1959
0.1959
0.196
0.1961
0.1962
0.1963
0.1963
0.1964
0.1965
0.1966
0.1967
0.1968
0.1968
0.1969
0.197
0.1971
0.1972
0.1973
0.1973
0.1974
0.1975
0.1976
0.1977
0.1977
0.1978
0.1979
0.198
0.1981
0.1982
0.1982
0.1983
0.1984
0.1985
0.1986
0.1987
0.1987
0.1988
0.1989
0.199
0.1991
0.1992
0.1992
0.1993
0.1994
0.1995
0.1996
0.1996
0.1997
0.1998
0.1999
0.2
0.2001
Time:     0.2, dt:  8.2e-05, norm rho:      15.84, rho * u:      133.7, energy:      1338

+-------------------------------------+------------------+------------+------------------+
| Total wallclock time elapsed        | 1.617e+05s     0 | 1.617e+05s | 1.617e+05s     0 |
|                                     |                  |                               |
| Section                 | no. calls |   min time  rank |   avg time |   max time  rank |
+-------------------------------------+------------------+------------+------------------+
| apply - integrals       |     13998 | 2.218e+04s     0 | 2.218e+04s | 2.218e+04s     0 |
| apply - inverse mass    |     13998 |      1134s     0 |      1134s |      1134s     0 |
| compute errors          |        41 |     24.86s     0 |     24.86s |     24.86s     0 |
| compute transport speed |       468 |     169.7s     0 |     169.7s |     169.7s     0 |
| output                  |        41 |      1259s     0 |      1259s |      1259s     0 |
| rk time stepping total  |      2333 | 1.602e+05s     0 | 1.602e+05s | 1.602e+05s     0 |
+-------------------------------------+------------------+------------+------------------+
